Terminal ready
30 29 30 30 30 30 30 31 31 33 30 30 31 31 3 28 28 28 29 28 29 29 28 29 28 29 29 29 29 29 29 29 29 31 31 30 29 29 31 29 31 31 30 30 29 30 30 30 30 30 31 31 33 30 30 31 31 3 28 28 28 29 28 29 29 28 29 28 29 29 29 29 29 29 29 29 31 31 30 29 29 31 29 31 31 30 30 29 30 30 30 30 30 31 31 33 30 30 31 31 32 31 31 31 31 32 32 32 32 
23 22 22 22 22 22 22 22 22 23 23 23 23 24 24 24 24 24 25 24 25 25 24 24 25 25 25 25 25 26 26 26 26 26 26 26 27 27 27 28 27 27 27 28 28 27 27 28 28 28 28 28 28 28 30 28 30 29 29 30 30 30 30 29 30 30 31 31 30 30 30 31 31 31 31 32 32 32 32 32 32 32 32 32 32 32 32 32 32 33 32 33 32 32 32 33 33 33 33 33 
21 22 21 22 21 21 22 22 22 22 23 22 22 22 22 22 23 23 23 23 23 24 23 24 24 24 24 24 25 25 25 25 25 24 25 25 25 26 26 27 26 26 26 26 26 26 27 27 27 28 27 27 28 28 27 27 28 27 28 28 28 28 28 29 29 29 29 29 28 29 29 29 30 30 30 29 30 31 30 30 29 30 31 31 32 31 30 31 31 32 32 33 33 32 32 31 33 33 33 33 
19 18 20 20 20 20 22 20 19 19 20 20 20 20 20 22 22 20 20 21 21 21 22 22 22 21 21 21 21 23 23 22 23 22 22 23 23 23 23 22 23 22 23 22 23 24 24 23 23 24 24 24 25 25 24 24 25 25 26 25 25 24 25 26 26 26 26 26 27 26 26 26 26 27 27 26 27 26 26 27 27 27 28 29 29 28 27 27 28 27 27 27 28 28 28 28 28 30 30 29 
21 20 21 22 21 22 22 22 22 22 22 22 22 21 22 22 23 22 23 23 23 23 24 25 26 24 24 23 25 24 24 25 25 24 25 25 25 25 25 25 26 26 25 26 25 26 26 26 27 26 27 26 26 27 26 26 27 27 27 27 27 27 27 28 28 28 29 28 28 28 29 29 28 29 30 29 29 29 29 29 29 31 31 30 30 30 30 30 30 30 31 31 31 31 30 31 31 31 31 31 
21 21 20 20 20 20 20 21 21 21 21 21 22 22 22 22 22 22 23 23 24 23 23 24 23 24 24 24 24 24 24 25 24 24 25 25 25 25 26 27 27 29 27 26 27 26 26 27 27 28 28 27 27 27 28 27 28 28 28 29 29 29 29 29 30 28 28 28 29 29 29 30 29 29 30 30 30 31 30 30 30 32 31 30 31 31 30 31 31 31 31 31 31 32 31 32 32 31 31 31 
20 21 21 22 22 22 22 22 22 22 22 23 23 23 23 22 23 23 24 23 23 24 24 24 24 25 24 24 24 25 25 25 24 24 24 24 26 25 26 27 26 26 26 26 26 26 26 26 27 26 27 27 28 28 29 28 27 27 29 29 28 28 29 28 28 29 30 29 30 29 31 29 29 30 29 31 31 29 30 31 30 30 30 30 31 31 30 31 31 32 30 31 32 32 31 32 31 33 33 32 
20 21 22 22 21 21 20 21 21 22 22 23 23 21 21 22 23 23 23 23 23 23 23 23 23 23 24 23 24 24 24 24 25 24 24 24 25 25 25 25 25 26 25 26 27 26 26 26 26 26 26 26 27 27 28 28 28 27 28 28 28 27 28 28 28 28 28 28 28 29 28 28 28 29 29 30 29 29 29 29 31 30 29 29 29 30 30 29 30 30 31 31 31 31 30 31 31 31 32 31 
19 19 18 19 19 20 20 20 20 20 20 20 20 20 20 20 21 21 21 20 21 22 21 22 21 22 22 22 23 21 21 21 22 22 22 22 22 23 22 23 23 24 24 23 22 23 23 24 24 23 24 24 24 25 24 25 25 25 24 24 24 24 25 25 25 25 25 26 26 25 26 26 26 26 26 26 26 26 27 27 28 27 27 27 26 27 29 28 28 28 28 28 29 29 28 27 28 28 28 28 
47 47 48 48 48 48 49 49 49 50 50 50 50 51 51 51 53 53 52 52 53 52 53 54 54 54 54 55 55 55 56 55 55 55 57 56 57 60 60 58 57 57 58 58 59 59 59 58 59 60 60 59 60 61 60 60 60 61 62 61 61 62 62 62 63 63 63 64 63 65 66 65 65 64 64 65 67 66 66 66 66 66 66 67 66 68 68 69 68 67 67 70 68 68 68 69 69 69 70 69 
49 50 49 50 50 49 49 50 50 50 51 52 52 53 52 53 53 54 54 53 53 53 53 54 54 54 55 55 56 56 57 57 57 58 58 58 59 59 63 58 59 60 60 61 61 62 62 62 62 62 63 64 64 64 64 66 66 68 66 65 66 65 66 66 66 67 66 69 67 67 68 69 68 67 68 69 69 69 69 71 70 69 70 70 70 70 70 71 71 70 71 71 72 71 71 71 72 72 72 72 

FATAL: stdin closed
picocom v1.7

port is        : /dev/ttyACM0
flowcontrol    : none
baudrate is    : 9600
parity is      : none
databits are   : 8
escape is      : C-a
local echo is  : no
noinit is      : no
noreset is     : no
nolock is      : no
send_cmd is    : sz -vv
receive_cmd is : rz -vv
imap is        : 
omap is        : 
emap is        : crcrlf,delbs,

