Terminal ready
 255 255 255 255 255 255 255 255 255 255 255 255 255 255 255 255 255 255 255 255 255 255 255 255 255 255 255 255 255 255 255 255 255 255 255 255 255 255 255 255 ò221 221 221 221 221 221 221 221 221 221 221 221 221 221 221 221 221 221 221 221 221 221 221 221 221 221 221 221 221 221 221 221 221 221 221 221 221 221 221 221 221 221 221 221 221 221 221 221 221 221 221 221 221 221 221 221 221 221 221 221 221 221 221 221 221 221 221 221 221 221 221 221 221 221 221 221 221 221 221 221 221 221 221 221 221 221 221 221 221 221 221 221 221 221 221 221 221 221 221 221 
221 221 221 221 221 221 221 221 221 221 221 221 221 221 221 221 221 221 221 221 221 221 221 221 221 221 221 221 221 221 221 221 221 221 221 221 221 221 221 221 221 221 221 221 221 221 221 221 221 221 221 221 221 221 221 221 221 221 221 221 221 221 221 221 221 221 221 221 221 221 221 221 221 221 221 221 221 221 221 221 221 221 221 221 221 221 221 221 221 221 221 221 221 221 221 221 221 221 221 221 
221 221 221 221 221 221 221 221 221 221 221 221 221 221 221 221 221 221 221 221 221 221 221 221 221 221 221 221 221 221 221 221 221 221 221 221 221 221 221 221 221 221 221 221 221 221 221 221 221 221 221 221 221 221 221 221 221 221 221 221 221 221 221 221 221 221 221 221 221 221 221 221 221 221 221 221 221 221 221 221 221 221 221 221 221 221 221 221 221 221 221 221 221 221 221 221 221 221 221 221 
221 221 221 221 221 221 221 221 221 221 221 221 221 221 221 221 221 221 221 221 221 221 221 221 221 221 221 221 221 221 221 221 221 221 221 221 221 221 221 221 221 221 221 221 221 221 221 221 221 221 221 221 221 221 221 221 221 221 221 221 221 221 221 221 221 221 221 221 221 221 221 221 221 221 221 221 221 221 221 221 221 221 221 221 221 221 221 221 221 221 221 221 221 221 221 221 221 221 221 221 
221 221 221 221 221 221 221 221 221 221 221 221 221 221 221 221 221 221 221 221 221 221 221 221 221 221 221 221 221 221 221 221 221 221 221 221 221 221 221 221 221 221 221 221 221 221 221 221 221 221 221 221 221 221 221 221 221 221 221 221 221 221 221 221 221 221 221 221 221 221 221 221 221 221 221 221 221 221 221 221 221 221 221 221 221 221 221 221 221 221 221 221 221 221 221 221 221 221 221 221 
221 221 221 221 221 221 221 221 221 221 221 221 221 221 221 221 221 221 221 221 221 221 221 221 221 221 221 221 221 221 221 221 221 221 221 221 221 221 221 221 221 221 221 221 221 221 221 221 221 221 221 221 221 221 221 221 221 221 221 221 221 221 221 221 221 221 221 221 221 221 221 221 221 221 221 221 221 221 221 221 221 221 221 221 221 221 221 221 221 221 221 221 221 221 221 221 221 221 221 221 
221 221 221 221 221 221 221 221 221 221 221 221 221 221 221 221 221 221 221 221 221 221 221 221 221 221 221 221 221 221 221 221 221 221 221 221 221 221 221 221 221 221 221 221 221 221 221 221 221 221 221 221 221 221 221 221 221 221 221 221 221 221 221 221 221 221 221 221 221 221 221 221 221 221 221 221 221 221 221 221 221 221 221 221 221 221 221 221 221 221 221 221 221 221 221 221 221 221 221 221 
221 221 221 221 221 221 221 221 221 221 221 221 221 221 221 221 221 221 221 221 221 221 221 221 221 221 221 221 221 221 221 221 221 221 221 221 221 221 221 221 221 221 221 221 221 221 221 221 221 221 221 221 221 221 221 221 221 221 221 221 221 221 221 221 221 221 221 221 221 221 221 221 221 221 221 221 221 221 221 221 221 221 221 221 221 221 221 221 221 221 221 221 221 221 221 221 221 221 221 221 
221 221 221 221 221 221 221 221 221 221 221 221 221 221 221 221 221 221 221 221 221 221 221 221 221 221 221 221 221 221 221 221 221 221 221 221 221 221 221 221 221 221 221 221 221 221 221 221 221 221 221 221 221 221 221 221 221 221 221 221 221 221 221 221 221 221 221 221 221 221 221 221 221 221 221 221 221 221 221 221 221 221 221 221 221 221 221 221 221 221 221 221 221 221 221 221 221 221 221 221 
221 221 221 221 221 221 221 221 221 221 221 221 221 221 221 221 221 221 221 221 221 221 221 221 221 221 221 221 221 221 221 221 221 221 221 221 221 221 221 221 221 221 221 221 221 221 221 221 221 221 221 221 221 221 221 221 221 221 221 221 221 221 221 221 221 221 221 221 221 221 221 221 221 221 221 221 221 221 221 221 221 221 221 221 221 221 221 221 221 221 221 221 221 221 221 221 221 221 221 221 
221 221 221 221 221 221 221 221 221 221 221 221 221 221 221 221 221 221 221 221 221 221 221 221 221 221 221 221 221 221 221 221 221 221 221 221 221 221 221 221 221 221 221 221 221 221 221 221 221 221 221 221 221 221 221 221 221 221 221 221 221 221 221 221 221 221 221 221 221 221 221 221 221 221 221 221 221 221 221 221 221 221 221 221 221 221 221 221 221 221 221 221 221 221 221 221 221 221 221 221 
221 221 221 221 221 221 221 221 221 221 221 221 221 221 221 221 221 221 221 221 221 221 221 221 221 221 221 221 221 221 221 221 221 221 221 221 221 221 221 221 221 221 221 221 221 221 221 221 221 221 221 221 221 221 221 221 221 221 221 221 221 221 221 221 221 221 221 221 221 221 221 221 221 221 221 221 221 221 221 221 221 221 221 221 221 221 221 221 221 221 221 221 221 221 221 221 221 221 221 221 
221 221 221 221 221 221 221 221 221 221 221 221 221 221 221 221 221 221 221 221 221 221 221 221 221 221 221 221 221 221 221 221 221 221 221 221 221 221 221 221 221 221 221 221 221 221 221 221 221 221 221 221 221 221 221 221 221 221 221 221 221 221 221 221 221 221 221 221 221 221 221 221 221 221 221 221 221 221 221 221 221 221 221 221 221 221 221 221 221 221 221 221 221 221 221 221 221 221 221 221 
221 221 221 221 221 221 221 221 221 221 221 221 221 221 221 221 221 221 221 221 221 221 221 221 221 221 221 221 221 221 221 221 221 221 221 221 221 221 221 221 221 221 221 221 221 221 221 221 221 221 221 221 221 221 221 221 221 221 221 221 221 221 221 221 221 221 221 221 221 221 221 221 221 221 221 221 221 221 221 221 221 221 221 221 221 221 221 221 221 221 221 221 221 221 221 221 221 221 221 221 
221 221 221 221 221 221 221 221 221 221 221 221 221 221 221 221 221 221 221 221 221 221 221 221 221 221 221 221 221 221 221 221 221 221 221 221 221 221 221 221 221 221 221 221 221 221 221 221 221 221 221 221 221 221 221 221 221 221 221 221 221 221 221 221 221 221 221 221 221 221 221 221 221 221 221 221 221 221 221 221 221 221 221 221 221 221 221 221 221 221 221 221 221 221 221 221 221 221 221 221 
221 221 221 221 221 221 221 221 221 221 221 221 221 221 221 221 221 221 221 221 221 221 221 221 221 221 221 221 221 221 221 221 221 221 221 221 221 221 221 221 221 221 221 221 221 221 221 221 221 221 221 221 221 221 221 221 221 221 221 221 221 221 221 221 221 221 221 221 221 221 221 221 221 221 221 221 221 221 221 221 221 221 221 221 221 221 221 221 221 221 221 221 221 221 221 221 221 221 221 221 
221 221 221 221 221 221 221 221 221 221 221 221 221 221 221 221 221 221 221 221 221 221 221 221 221 221 221 221 221 221 221 221 221 221 221 221 221 221 221 221 221 221 221 221 221 221 221 221 221 221 221 221 221 221 221 221 221 221 221 221 221 221 221 221 221 221 221 221 221 221 221 221 221 221 221 221 221 221 221 221 221 221 221 221 221 221 221 221 221 221 221 221 221 221 221 221 221 221 221 221 
221 221 221 221 221 221 221 221 221 221 221 221 221 221 221 221 221 221 221 221 221 221 221 221 221 221 221 221 221 221 221 221 221 221 221 221 221 221 221 221 221 221 221 221 
FATAL: stdin closed
picocom v1.7

port is        : /dev/ttyACM0
flowcontrol    : none
baudrate is    : 9600
parity is      : none
databits are   : 8
escape is      : C-a
local echo is  : no
noinit is      : no
noreset is     : no
nolock is      : no
send_cmd is    : sz -vv
receive_cmd is : rz -vv
imap is        : 
omap is        : 
emap is        : crcrlf,delbs,

